15161
57513
3636
11504
16204
64802
11321
5790
29154
40418
44732
21332
43481
52755
47916
26743
57074
29958
20661
49592
63950
45032
34589
48146
1484
15390
37271
35597
10417
51948
49952
36627
42017
16519
52595
9781
22567
60541
4785
10694
1290
30630
3839
36419
15012
23592
61544
5293
19470
33681
33362
30432
37272
39786
20327
57746
41723
21437
5670
25348
64304
2850
2204
29043
50528
50777
19912
16513
41360
16904
26347
47941
31798
54535
58
64462
62232
49952
35520
23535
15232
46522
3381
1856
46058
4518
17081
14365
796
617
53860
8877
6800
60405
11343
47258
20555
54497
12228
43377
49159
18540
7425
3201
30973
26262
6955
16210
25745
37243
210
27832
36900
64960
48199
56480
26846
57677
36782
4755
59278
42662
1236
29573
6401
45407
54839
9473
28372
25543
34201
449
25504
25141
26198
33610
22737
41587
38693
9237
16932
151
31316
52264
30076
58471
9068
15764
62795
31458
47815
40960
28364
33015
36789
46374
13361
27146
6050
19480
23843
64666
46440
43476
48222
62014
2249
13550
35786
4208
64754
14471
48867
24369
56446
38543
13364
47110
485
2260
1561
45335
51138
24909
56872
1927
46882
55736
9430
45324
26349
23796
43310
18508
35217
62017
64118
45030
22003
49552