60646
51195
9037
37310
16598
3944
45915
40336
27235
24678
63704
33949
626
32100
62242
7892
60213
36541
2687
18985
60712
23862
63161
24302
55192
52849
32515
54936
19105
28395
438
26074
4917
52062
16548
27469
54728
43832
11288
22822
54715
23670
43728
38293
41865
57477
17393
46908
62045
31067
36676
57907
58659
5484
1973
28294
56370
30654
15027
64877
59272
17970
45298
40630
54179
41384
42729
13810
40450
56309
42037
17347
48303
13361
64039
37665
64309
45908
7635
4707
45909
15683
30650
38307
9858
54924
25848
46050
19095
21300
6294
24953
16472
3462
55431
15004
15054
15086
14621
28910
9869
49515
172
29077
40472
57135
62410
24916
26368
36472
38038
61119
33838
47442
45312
45316
6930
14654
25291
55094
25478
65520
23113
4792
6550
29480
29693
58775
13325
64886
47919
59017
55206
42398
21100
27295
44203
51713
19493
31592
25723
40826
27165
25085
2002
40462
39855
49056
56080
62854
521
34674
35005
21065
28827
32204
4878
41828
43529
14998
30614
4630
12308
60761
10329
6957
55247
10906
61441
12428
10918
9925
15921
24995
4935
12423
41348
11483
51166
47586
49012
14890
42630
8888
27427
29651
32120
1206
37657
32464
55041
56932
52047
51681
23323
40831
33190
50282
26854
54504
15447
58046
56671
3229
29844
32703
54921
18109
14509
25744
40072
25422
53642
18689
6749
41387
41342
893
32844
53086
18114
51513
31268
47294
8802
25355
37968
37192
42171
53447
7137
57590
45583
4547
19066
39653
45850
24350
38060
38700
9157
8473
63206
7039
62138
42936
30648
43528
46372
38274
49189
15027
31283
41642
39755
41999
17047
62661
17416
1450
25648
33261
63203
16326
24257
65322
42826
62217
40860
52814
27167
8298
54734
8878
16158
31165
34276
1340
34262
33687
48371
4822
37955
38346
22290
8528
32508
9577
50277
52225
15050
37848
49097
34930
26421
48074
46101
6561
21935
56714
13318
35749
56457
19621
23802
21004
3108
36049
37861
39000
38025
29422
21242
47798
49723
50719
65071
591
17906
6127
14892
59069
17903
55182
37844
3064
56496
42581
2317
980
61584
59825
6838
27216
2373
16274
41955
12451
32256
62434
29921
5878
47777
42914
58291
1884
41778
14947
61431
31344
394
57326
55660
7276
44723
20631
17303
26916
52789
31321
7346
47307
17685
24227
58687
5977
52615
64267
43692
11436
1159
56042
40331
31661
10040
30428
22646
23643
18071
9287
22960
11565
42593
42609
64688
2119
45898
19225
24561
59963
11654
58518
58464
65452
40598
40862
58988
42144
52956
22560
41190
37293
51784
23357
54906
5432
43604
36666
56787
16046
13249
15752
42517
3250
5146
38461
11223
37125
5503
22266
10490
47647
19259
13483
56913
35458
13835
62159
48853
21109
12747
18347
10145
45510
38400
1595
28300
10576
17238
30349
10358
32362
30970
55452
1188
60492
17100
19501
33779
24411
34423
31770
34746
10780
39938
34167
199
23008
18344
42486
24740
23379
28822
9475
59398
65120
2374
16139
241
40639
26385
54980
13993
65044
38572
51200
33459
60011
24783
11398
47192
12560
41017
42116
63504
40560
995
58248
36753
53804
64841
11668
44169
56551
9194
59747
4329
25311
7246
51331
6401
44920
28866
45986
48117
40784
56815
19691
29110
12474
7605
38471
51867
52541
41525
60845
62896
6575
56426
49872
753
62654
62662
1319
21720
19336
4548
36139
10299
5655
29135
25215
2732
39645
42788
11108
48060
45505
8471
5966
30708
43289
56257
7997
12453
9615
42704
61218
13180
13261
42545
34449
64045
49041
15683
48330
22809
36132
48964
30814
38903
26670
16586
47926
23663
41321
64936
35638
34621
14122
718
4435
42807
41452
62014
55130
5209
47944
4146
13710
45356
60016
45567
4051
28306
10770
37583
27122
61658
32365
42192
54462
10000
36458
64130
42153
2086
18375
10331
48336
20909
1774
54888
56976
21789
4785
64323
36735
4069
10458
37487
15426
38216
20174
52410
3807
24424
28892
3571
65342
52460
32487
47086
60710
11566
7424
24711
34379
7213
21374
53596
36756
47798
13936
6164
36913
13945
30480
23903
7239
33519
1783
53738
23222
1633
53361
53409
4223
58627
24451
51259
46029
6152
30531
44569
33998
47074
43729
32369
55115
3859
2239
22907
55625
27210
26423
45589
31677
51757
12818
58531
38439
687
27086
22958
24736
61861
25746
45666
12401
12495
51316
41686
25027
37827
40535
33379
56644
2151
61244
34387
59951
36164
45121
17758
23840
2584
24606
65271
40506
64593
7102
11926
20129
13575
37271
12331
43205
63655
2186
8807
34589
19008
20909
50122
10541
14921
23413
18517
33170
2672
54189
63174
61975
54199
15073
34575
59440
37338
42547
33076
25387
54849
9145
56889
9877
40532
9938
63825
19105
31827
60996
10986
20682
18074
13522
35039
33391
27711
60560
37650
18674
15662
46250
11091
506
60659
18954
40085
35326
49276
28893
9385
58003
24595
31107
27038
25931
12066
48467
36968
49867
5765
51151
28771
19350
15270
49740
55811
58842
31522
57156
10590
40815
16887
33915
28295
2352
13409
29225
18585
31054
46687
43016
43311
48724
12259
38596
28685
34288
19981
17613
50838
15878
20541
35322
45043
47002
28300
55170
21620
24283
63641
39470
24372
42104
33275
42947
33387
35438
55094
51169
25248
63317
30142
40795
29805
30699
45022
58204
23608
59218
48638
17570
40919
2465
19951
15934
12624
9060
37818
53663
44452
47792
54148
52756
23757
36055
33727
6222
50093
52208
45502
16780
27354
55536
12246
63492
34007
51921
61841
32059
46213
27871
14058
52271
25885
47126
45306
26875
62556
62598
9742
899
11005
1507
26878
62719
55293
11036
61549
20684
31091
25368
15325
34880
5583
6983
16429
58730
733
55399
44564
41716
18905
35820
11087
35039
9957
41963
53151
59534
62261
35976
15241
32175
21345
8657
11779
43253
20554
61588
31065
41364
15346
27808
11584
5640
40860
28406
53725
56690
44525
54126
32748
15908
46367
53421
11001
27212
40742
63280
4054
39129
36837
44631
38463
22874
51834
5930
39790
10786
38882
45792
621
43680
36349
6652
23169
32806
24272
13079
30932
26081
13872
28207
5899
40294
49729
35474
10616
29521
38968
8459
32257
13745
51213
577
37753
25726
23162
8212
707
54593
55449
5562
30955
26437
47214
45576
63450
18441
15273
33931
34021
35913
146
19135
29093
386
51916
56789
25285
58596
48574
49877
39766
40372
9972
7747
17085
8231
2259
65424
39241
39406
3702
28375
7603
54307
15264
54187
29975
41234
33107
27961
40378
23114
14117
50122
44828
63613
62372
47346
49764
54619
45318
48155
56543
56216
63967
8490
20473
47183
34007
26808
63386
11871
4614
60982
64187
2585
23636
612
23652
54532
29262
42092
26620
41448
31214
22833
6752
62341
15492
16700
28667
27426
20687
27665
32900
57201
44622
652
2901
13753
12660
39993
30982
2813
64039
14587
17473
43560
39672
37372
21331
28111
58444
4802
21717
11568
53545
28193
37278
34147
12284
5966
32199
25951
3317
18045
13185
48880
63426
7694
58974
39601
14803
8425
11266
62894
19716
36698
2348
29439
13924
3037
47853
40864
16725
11996
30171
54523
38133
7003
30366
34709
23031
27071
9603
23563
31108
35285
1086
54795
47585
19710
38179
56521
32179
36844
49132
12157
8158
58803
49318
63428
46569
29326
1258
24791
56276
14298
22873
26479
56755
39826
7447
42128
14616
8067
49235
4340
31828
40005
34116
5306
63918
11355
40755
25000
13487
20347
14193
27725
29307
31980
28030
17244
45054
62193
1077
7158
45139
38518
57109
2795
44103
57877
46056
41162
53978
18323
48852
38405
3640
48187
4531
40869
36410
11422
63567
62019
32632
16626
21027
30073
42309
58473
32531
50395
29312
5402
15954
5298
32515
65508
35091
37314
14638
61363
10952
1817
20494
34461
57577
56371
22601
1144
39428
65185
56362
46745
54261
18591
53602
23971
43268
36942
49385
7322
24832
28927
6052
64319
16018
5080
5324
35259
32211
64238
37503
21837
43094
35898
46079
29440
44559
46858
31725
27197
57054
23022
58826
16048
62180
13456
42288
38935
11673
35688
62957
57617
3338
46
16141
61408
4276
10327
5143
4234
55357
44591
32779
8817
38606
10373
6325
60631
50455
41159
11059
58031
4701
50254
60508
43352
58423
52775
16027
1685
42569
4106
19540
29939
4069
35921
13660
42741
19694
14621
30388
9650
14825
27933
10555
52081
61285
41136
31229
20666
2191
31278
52705
15918
63890
23374
45922
52454
54299
41820
46567
5477
20178
6537
55803
23991
32674
31841
47192
2298
39250
5779
48253
23757
33354
56821
56466
29600
12097
46316
61100
47323
65179
63992
1554
14808
63357
54209
5828
50894
30635
11180
36741
6939
52878
1729
48840
49955
3672
60440
14364
60046
31809
15876
8884
19933
55034
29518
2773
5390
13045
48082
10280
15812
37354
35549
5559
12406
11641
59990
28352
46684
34596
40972
11852
39203
28932
33138
28691
5698
58244
9136
3328
51280
21354
63655
51387
42911
60688
58301
18669
20020
56519
35666
11978
10509
37204
13543
60898
21298
33898
1593
61193
773
53789
33106
52027
40310
23583
60237
25299
14787
1838
53278
57112
35053
60007
40299
41115
58328
16959
46037
21283
58783
52394
57989
15950
27811
39391
2313
9555
19582
64596
16524
7773
52558
27945
696
4604
4330
40691
21425
39924
18246
16810
47818
43212
35411
5358
63407
19386
5296
58440
54268
36065
46247
28855
38480
17683
31357
43322
40648
65188
7333
50604
22862
65469
58629
63284
4463
47011
9971
27649
62090
20878
11782
44351
600
36376
18028
49267
5954
9170
1673
5144
15098
62502
63326
9747
47399
37231
6563
8445
38327
17213
57705
56944
49984
27147
28851
57287
62558
27866
36204
9817
46837
5672
56126
51372
28283
61442
63188
26621
61979
48997
38120
26622
40342
55740
49979
9706
23705
20883
5709
47144
17309
37962
5789
37877
10685
61359
48927
27351
56163
50780
1963
54500
50801
36484
64053
637
25501
1134
20767
20267
27745
23790
44105
35562
37463
57384
43107
46494
10813
45093
45022
27271
63823
43400
46443
36027
7956
52849
51968
35327
3815
20481
29299
58935
19418
41826
32946
55038
64814
39055
49927
10312
28971
47160
17180
9942
62082
29274
42204
8584
23758
10468
19271
11588
225
24193
33218
32637
21426
48612
35684
53448
5219
48390
8687
52375
64638
57932
37638
35100
54127
44673
51313
60663
3721
20108
49051
62745
11307
343
20714
48288
57824
61440
43101
5947
31920
6481
15361
32268
16420
12559
39134
35037
46447
59551
28997
23896
47339
56976
38823
43339
47685
3162
52878
53374
35453
55127
10927
44385
49436
27184
53800
54665
42714
628
48426
49144
36967
42311
37520
27704
14008
3786
60146
61486
38797
23966
43925
52581
5836
31870
56289
24073
43110
46690
37296
5371
9774
36017
56451
58276
55598
2894
29884
9707
25553
64615
60757
55173
49513
55194
51357
56933
44200
34001
57072
10847
47752
20113
25699
64677
18530
49456
17541
55884
62724
17306
865
58327
19697
949
7018
9107
8081
42070
53107
16784
41479
1695
43580
58157
14706
28712
36182
33864
5632
29115
7337
62627
48327
22810
30538
38589
36117
30878
33598
63162
48743
25805
141
26867
18449
31807
33110
37957
54273
33870
54730
24860
6582
34069
52589
15201
31229
62271
5689
7835
11045
15870
24716
60211
18923
15850
39312
16589
32567
63254
64450
53442
37065
52987
25079
47673
2766
59657
39253
20413
53777
49044
6151
62046
32420
30295
20830
37863
32340
12314
46141
32460
55020
30048
33779
42327
33489
35751
41730
56398
50624
8113
8191
36423
16849
33137
30401
29240
8497
39439
45996
61082
328
28071
12365
61046
27886
16540
56807
35599
40642
21453
22247
33499
17004
51004
15826
24404
9394
24273
47761
23930
20476
22336
48966
3196
60597
31132
34525
12595
4070
62106
25022
18063
37907
52511
25072
60674
61219
56154
1609
43193
64508
5727
33529
19513
21008
41251
52017
18503
11474
12274
18107
21849
30072
2188
15778
50539
24219
2985
61510
53304
29862
5257
14673
10051
50259
51884
18428
38596
12235
42260
41587
47559
61334
19785
36945
3440
30523
53479
9469
14913
28761
15110
38121
41159
38832
28706
44732
41392
47179
17937
43124
55923
2724
60151
54001
490
7322
40467
42937
56047
44938
31788
43697
14709
60185
19598
7846
15698
16889
15460
55451
47357
60006
16834
53114
921
27947
31918
60271
4058
44429
31608
58294
17309
27692
33719
42302
48121
22796
16176
47201
59692
50215
50075
23287
25522
64554
50162
33502
40532
3479
37349
47782
34353
10030
61322
41350
63016
10919
13629
51910
33036
25873
11863
30924
3430
36568
40608
6032
43309
50702
1858
25811
27556
7463
40738
48413
265
36110
59765
54979
6678
32328
62077
51144
37623
28678
54673
22356
24556
50218
27407
50476